$ANSIBLE_VAULT;1.1;AES256
64346132626136336262376266366239333139323833393265633730663635336133663632653433
6638346639323862393532373362666132653833303036360a343336363039333463643936316636
33333365326337653566313865643562623137656438336634313466663638373937626531316332
6165306338646136300a333936353236366638623261333934613761633465356563613837616165
64313238616661623366353161383165633635623730393731346463613933653733313835306364
31643966313031393864366161623936346462393133306463353462313437353736636333666130
63666561373666373162316433363939383962316139616564636465353663653764663835373637
39363939633333346536393166636538343964623136343363353763623462633064343837303538
33626261363634666135363638626161353766343437616433303034646664636432333634666262
31346166346336613661303639363837306565356362363939333830623532386239343739623066
32336531666463626564616638323065333663323963643262313238303532633438393463383866
33343535346263383166663438613236646166373432343437396630663634383161663636323838
33666538396166396137653663396132633538313731653930363461376539396238366132366162
37326536306233633131313639653763363634316632663539363463633161646164333966363731
36356161336461376136636665316234323335616231383933353166653932373163353232333331
63396362663736393563
