$ANSIBLE_VAULT;1.1;AES256
30643531666631323966346233616365616265383066656231633431373036353565313830376539
3638303662623937633834363864356361663236643435350a336631346561376535333661373466
66333561626466383139303562346536356234623632376466316230373961353464313262656537
3634613866376364380a643437353761636566643630326265393263666536333633653438326136
37346330393936616439653564396635323963316562666436373964346164353234393135666539
38343166386530356231343136333765313964396565643637663363666332636364353964343562
35373663663133353735373739396530393465653761663562663866303164323936383836366230
36306563383630663630653238343537666232323935353362346432643839323033393166666239
65346362306235356137376261656532306164373266363866653630643932626663376539623865
32653031363239623437336464623866343765643534316433326338313963643036643832373439
38313430623831336231626536313131646332346238353235383030333637663361373939376532
64336338376231616564643239366131323764383563303564356236393936343537393831333439
3339
