$ANSIBLE_VAULT;1.1;AES256
66656662326335346430343738613938363066646334333763396565663061353034366634623330
3338393463383730353435346664303736393561303030650a313138656332616530623661373639
31663434623731613138356438356464313565653935613436663537653362343338356661643034
6230333731613637340a393334653838616531366662646561383138383632633964393265666138
64333163316530613035643334373861653530383933336430353461343238653730623734386533
39616239353563646330383330636130393032633961643139393738303836623338353436323936
66333032616330383466633935323162363161326166646434613933653631366238653862623033
31313339303236366534396430323638393834656565656133363734623932643232306466313331
63393135333533616563616438356633646130633165636334303562323738376339626363653632
32306535316438623332636234653739646235646534623633323739656666323662613638303261
34663862383763663635303834363961323831333835323036303034333066653034303865383039
61666138663131353331326133633231326533363136353232326138643834323539363336386161
63333861353062316264346535346164646436643833313130633136303232663833313431653362
35656564643435313964636333373766643632636639333635666631363532383762393533643436
66303365663333643235303361363064376263393464353462313566336339623831623030326533
62616533336566613532393264346465323833613763316539383833613265383565666165656164
3264
